8148 1355 9058 8351 1270 9689 9134 2211 6324 3082 976 
5473 2785 1884 5469 9929 9576 9965 9649 9677 1577 
7259 9706 9812 9572 1099 4854 7982 8003 2971 1419 
48 4218 1125 9158 6398 7923 8785 9595 5037 6558 
7980 358 3613 8492 2120 9340 6814 6788 3988 7578 
7407 7432 4748 3923 4221 6555 1739 1712 3020 7061 
7973 319 3166 2770 8725 462 1492 972 9941 8235 
8220 6949 1252 3171 7638 9503 4906 345 6637 4388 
1259 3816 2103 7656 513 7952 365 1869 4088 4898 
4580 4456 4876 6464 7940 7094 9209 7547 8076 2761 
7058 6798 29 6551 7108 1627 6440 1190 4561 4984 
7740 9598 5738 3404 8768 5853 8082 2239 178 7513 
8213 2551 8209 5060 9401 6991 4127 8910 4232 9593 
5810 5473 1581 1387 7618 1493 2302 2576 8098 8408 
9886 2543 3325 8143 2999 2436 136 9293 2173 3500 
9074 1966 8485 2511 9551 6161 7789 4733 9875 3517 
676 8309 7936 5853 5946 5498 7328 9172 6953 2859 
6799 7573 3924 7538 5616 3805 2081 5679 5274 759 
4043 540 3528 5308 5929 7792 3564 9341 9650 1300 
1545 5689 3950 4694 3873 120 7270 3372 3886 1622 
9275 7943 4362 3113 8627 5286 6204 1657 1196 6020 
4720 2630 3403 6541 5299 6893 7162 7482 9884 4506 
7205 839 9126 2290 5055 9134 5583 1524 5032 8259 
4625 5384 5466 9962 4476 782 8545 4427 6043 1067 
4986 9619 9800 47 344 7750 9771 8174 3632 8687 
6796 845 3463 3998 8559 2599 451 8001 6602 4315 
7500 9107 1330 1819 9824 2639 954 1456 2827 1361 
8022 8693 776 5798 6274 5499 81 1450 6803 8531 
5340 6221 4387 3510 1996 5133 1381 4019 3824 760 
7625 2400 405 1234 2530 1840 5048 2400 8227 4173 
9818 497 8235 9028 3019 9448 480 4909 2479 4893 
5441 3378 8878 9001 3439 3693 333 1113 1629 7803 
8774 3898 2104 2417 2728 4040 4925 965 2235 1320 
4904 9421 9550 9562 6520 5753 7576 598 4353 2348 
5529 3532 532 8212 3226 155 4050 431 9085 1690 
8092 6492 2583 7318 1299 6478 4934 4510 3786 5471 
7185 2964 2879 7447 6235 1890 8119 6868 3126 1836 
3858 3685 3440 6257 8158 7803 6693 812 3795 9294 
4585 7758 3037 4868 9106 4359 4887 4468 7558 3064 
1081 5086 3936 5108 8702 8177 3609 7949 9172 6444 
5439 3787 1402 8116 1999 5329 9490 3508 9902 9391 
2401 8760 166 5502 3887 6225 7797 5871 4767 2078 
5402 3013 185 4710 9002 2305 1945 8444 8860 1948 
4413 2260 1479 1708 2396 2277 7997 4357 4731 3112 
899 9234 6446 4303 6331 1849 5844 9049 7267 9798 
3547 4389 6805 1112 7074 2581 1624 4088 1338 5949 
4496 2623 421 6029 7974 7113 1676 2218 8313 1175 
3250 2967 6558 3188 4202 4242 7820 5079 1132 856 
9936 2625 1816 8011 7630 293 2660 9289 2442 7304 
1008 4887 3444 5786 2817 2373 9687 4589 2138 9631 
6060 5469 2266 5212 1900 2316 4016 4889 4133 6241 
1702 6792 2991 3956 6365 3675 1516 9880 7693 378 
8840 8852 9593 9133 181 7962 5829 988 7669 2619 
3278 3354 1291 6798 2920 1366 8472 7213 2308 1068 
5020 6538 16 4942 126 7791 2866 7151 987 9038 
3848 8910 3554 3342 7200 6988 655 1979 5139 306 
4240 7441 6899 5001 2540 4800 4016 9048 2645 6099 
9343 6177 4726 8595 6110 8055 4885 5768 5146 1830 
2451 2400 3331 8866 5024 287 5961 4900 3102 1680 
9630 9787 2325 7127 7470 5005 3226 4711 3183 597 
9525 6820 5348 425 8719 715 9347 5217 6672 968 
2897 8182 656 8176 2319 7225 7048 1499 1952 6597 
4223 5186 9361 9730 1423 6490 6432 8004 4728 4538 
4370 4324 2444 8254 5060 835 9070 1332 766 1734 
7140 3910 6173 8314 1891 8034 3970 605 2777 3993 
8581 5269 9090 4168 6173 6569 1809 6280 5151 2920 
8247 4317 3594 155 8162 9841 2934 1672 1722 1063 
4928 3725 1954 1982 8644 4897 2042 3395 6163 9517 
8781 9204 3925 527 9466 7379 1667 2692 9719 4229 
5640 5479 5984 9428 1313 4178 5668 9831 5544 3015 
3105 7011 1207 6664 7378 5392 2428 6982 8229 6666 
1855 1782 3127 1281 8818 9991 6743 1712 7393 327 
626 5612 1316 8819 900 6692 84 1905 4566 3690 
6344 4608 5298 9817 4979 1565 3358 8556 2529 6448 
2337 3763 1732 1910 5960 4283 7269 4821 8776 1207 
7072 5896 2348 2262 4780 3847 183 5830 7474 2519 
6548 2905 781 6171 4728 2653 9965 8244 5321 9827 
8995 7303 7730 3439 2038 5841 9072 1078 3749 9064 
8481 8797 3267 8178 3268 2608 6593 5944 5868 226 
490 4253 7700 3128 4918 1615 4882 1788 4292 4229 
3948 943 7765 5986 9748 4710 7486 6960 6346 6999 
722 6386 6334 337 5290 689 2962 3196 3254 5309 
6312 6545 9946 4077 5161 8200 7245 7184 2456 9687 
3324 5314 7487 3252 6830 1057 6813 6110 789 7789 
4590 4235 6982 909 679 2665 692 1537 5271 2811 
2621 4401 4834 5272 1309 4575 945 8754 1204 5181 
9699 9437 7563 6378 2682 9577 7250 2408 4158 6762 
4748 2891 555 6719 6138 6952 4907 680 9045 2548 
9353 2241 9183 6679 3039 8444 7902 3445 2263 7806 
4490 6754 5102 68 2307 6022 7119 3868 9845 9160 
6553 12 2727 4625 4691 4244 31 4610 4465 7702 
9710 3225 3047 7848 2152 4714 2476 358 8065 1759 
4864 7218 4076 4735 2157 1528 5403 3412 7231 6074 
2837 1918 5429 7385 7560 2429 3320 9175 8018 2691 
8571 7656 149 1887 8850 2875 5931 912 863 5763 
9249 6834 9138 5466 9808 4258 9001 6445 9498 6477 
9346 6791 84 6358 7778 9452 260 2090 5879 7093 
6498 2363 3283 1194 1111 6074 1243 4502 9740 4588 
5333 6620 6624 7703 7083 3503 688 6621 2060 4162 
4335 8420 112 8330 693 2565 3431 6135 3123 5823 
9928 5408 2691 8700 8571 2648 3557 3181 7468 1193 
8449 9399 2172 6456 9650 4795 7122 6394 9827 5448 
7599 6474 1933 5439 3526 7211 1964 5225 8321 9938 
9526 2187 7674 1058 8620 1097 4557 636 3327 4046 
8383 4484 5544 3659 1209 7636 2122 6279 4913 7720 
4097 9329 7596 9728 3571 1921 7718 1389 9816 6963 
8462 939 8347 5255 3672 5304 507 8612 9756 4849 
8426 3935 8695 6715 755 7413 324 5201 6140 3478 
7357 1500 6156 5861 6627 2622 9513 445 2659 7550 
9194 2428 1184 4425 3131 6878 8722 3593 2337 7364 
8081 3948 5566 6835 9436 7041 5038 4424 6665 196 
1530 3309 9733 4244 6338 2703 1787 1971 742 8218 
4950 4300 7860 8878 4647 3912 8831 7692 6474 3968 
9033 8086 60 7551 6936 3774 5851 2161 1054 7905 
9904 9494 2300 3276 3330 6713 6894 4387 9615 8336 
2266 7689 9243 1673 8763 8620 4318 9899 4709 5145 
5622 8843 8377 5881 1484 1548 6393 1999 9956 4070 
6394 7488 4396 8256 284 7900 832 3186 5304 5341 
7821 900 7367 1118 1902 1363 2619 6787 4523 4952 
4601 1898 6737 4951 1770 1477 1879 550 965 8508 
3239 5606 1704 9297 248 6967 8307 5828 2449 8154 
1421 8791 1555 9890 3031 6 336 8655 4093 6126 
7832 9900 4434 5277 175 4796 2858 8014 9514 2279 
1714 4981 942 9009 2740 5747 2014 8452 7532 7387 
8009 5860 5861 2468 4970 6665 5910 835 5688 6260 
1851 6610 9017 7298 245 8908 2644 9824 7826 7691 
5998 5815 5563 9284 966 5801 9268 170 3984 1209 
400 8628 5852 4843 4133 8449 1296 2095 6090 5523 
555 6299 8483 320 4521 6148 4851 3625 675 496 
2211 4896 6444 1926 9759 1231 9494 2055 7365 1466 
4209 1891 6858 427 6863 6352 2313 2819 9948 5386 
4356 6952 7438 4992 3381 5359 3630 4452 9899 1240 
7251 4904 8376 8530 3981 8740 8517 2703 1717 2085 
9474 5650 3509 6404 3849 4171 3998 2060 7184 9480 
8360 821 9509 1058 640 1421 6646 1665 1764 6210 
3710 5738 1684 521 1133 9313 1526 7287 3956 7379 
3965 635 280 8605 4501 9345 986 9844 9161 8590 
4664 7856 7492 5134 7294 1777 7364 3986 6566 1340 
2159 309 515 9392 587 3014 4215 2956 8105 3330 
3169 4671 8841 6482 4092 253 2016 8423 255 5591 
665 8541 6764 3479 811 4461 3295 543 3696 1772 
7969 6629 1765 3309 928 8985 597 1182 2870 9885 
7160 5400 4936 7070 9052 9995 4046 2879 674 4146 
3751 4649 8486 7640 3648 8183 1427 1003 4217 1782 
8690 3597 9971 568 5337 5219 3946 3359 3323 1757 
431 2090 8566 9052 1807 6754 3334 4685 4314 9122 
3275 1041 2526 7456 1316 7363 906 5619 9522 1842 
2796 5973 5782 3000 3531 1342 3170 2127 7768 8950 
3702 715 1915 2425 111 538 3923 4418 9067 133 
9873 8972 7090 1967 6380 934 6211 3074 9251 4561 
8808 1017 195 9954 7205 3321 5911 2974 566 621 
6388 2983 2965 464 4646 5055 9480 7615 5520 6311 
5035 899 1334 809 7132 7773 9252 9052 9036 5338 
6363 1092 3420 8259 6637 3381 6597 2940 2705 7464 
6423 104 4293 485 8023 6680 3322 6035 7106 5262 
6543 7298 2407 7073 9192 7814 6039 2880 3833 6926 
7802 5567 4951 3966 8851 616 3980 7802 2780 3376 
2426 6079 15 7413 3950 1049 2020 1279 7721 5496 
6085 4853 7791 8905 4994 7990 3846 7344 8308 514 
1280 729 2497 886 5032 7984 1283 9431 9787 6838 
7269 1321 2234 7228 6826 1104 4488 1175 6721 6408 
9094 3289 8388 6539 2119 7492 9511 5832 8779 7401 
7091 2349 9708 7350 4230 9706 8373 8670 934 863 
6735 3665 984 3692 6975 6851 2160 5980 7779 7894 
808 3677 4054 2061 2075 867 851 7720 5192 2057 
9785 3883 1661 5518 9185 2290 3048 6420 5809 4845 
8439 1519 3881 7820 61 1007 100 2941 1984 2374 
3934 5309 1966 915 8353 4054 7798 1049 773 1123 
2915 7845 2755 2916 6218 6036 9212 9645 2255 4325 
2848 6948 847 7581 3278 4327 521 6555 6109 1098 
5446 9338 3480 1875 5270 2662 9999 7979 8553 4877 
9030 7690 1289 3961 6159 2730 8304 373 9879 6733 
6457 4296 7504 4518 7574 6099 6667 595 5401 3159 
7303 7728 7798 6965 4887 1254 5938 1302 9672 924 
784 79 352 4232 3723 6556 780 7230 7842 5313 
4772 1089 4407 6318 2818 1265 5169 1344 3679 986 
1179 1421 5987 1683 166 1963 4678 3175 1066 3165 
3388 2176 869 2511 2052 8930 5178 7033 4768 5558 
352 1845 8532 2121 9507 774 8530 9139 9804 7068 
8624 5578 8214 3135 9187 1663 5983 6225 8268 9880 
5377 1705 9132 2578 1678 3968 189 740 8566 6841 
8414 4024 7882 9829 7296 4022 7346 6207 5865 1544 
5633 3814 9243 1612 6053 7582 1014 8712 6191 3508 
7339 6856 2910 2942 3187 5307 5739 8325 6413 5975 
555 3354 9800 2993 7926 4526 6392 4227 3244 3597 
9727 5584 5053 7426 9215 4244 5697 4294 4464 1249 
9645 245 1202 2902 9850 3176 2300 6537 5970 9570 
5704 9358 7647 4579 4122 2405 559 7639 5061 7594 
1721 7407 5291 7437 5346 1060 6827 6816 4725 4633 
3309 2122 3746 986 1380 8236 7294 1751 3293 1636 
6606 6660 638 8944 9074 5166 1047 7028 993 1536 
3926 9535 6657 5409 4956 6798 4624 366 2113 8093 
4096 7487 1078 1202 4894 5251 1119 3259 3586 5465 
2907 3989 3279 4151 2591 1808 5453 2554 697 206 
174 9237 1350 6537 8966 9327 7424 1636 6037 9211 
9529 7947 9142 5774 2424 4401 9021 2577 4432 7520 
5627 2287 3512 642 367 7674 5638 6713 3472 7153 
7718 6421 6302 4191 8927 3908 8620 8162 3377 3175 
6638 8146 6844 7891 4001 8523 184 5057 41 6357 
3903 9509 10000 4440 2001 601 6281 8668 9195 6312 
8528 3551 8279 9971 9237 2242 2759 6525 6451 6050 
4182 3873 9921 1422 4708 252 6754 4212 9334 1842 
5712 7258 4384 3704 3201 8416 9155 7343 9822 5711 
2798 1769 198 9574 3363 2654 8862 9246 1113 2238 
3121 3736 5249 876 1194 6402 7609 1807 3127 451 
2890 7232 3259 3475 4117 6607 2634 3839 4865 6274 
2268 217 9314 9106 446 8006 9765 7459 7830 8132 
4506 3834 2140 6173 1031 5755 5450 5301 5361 2751 
6680 2487 809 4517 6468 2278 1458 8045 4031 9862 
9185 300 4235 5357 6424 871 6157 8021 7997 9892 
4428 670 7003 9394 8191 182 2654 6839 558 7838 
7075 5342 8007 8854 9674 8991 9921 6260 423 1379 
9233 2179 629 1822 3815 419 1278 1070 4392 6165 
87 9397 8741 3545 8871 4107 5185 9844 3058 9456 
3964 6767 4027 9884 2250 7669 5513 3367 2859 6624 
3713 2442 495 2956 8142 6802 6213 5279 3109 4116 
2291 6027 4309 7506 7246 5836 8621 5518 6822 5836 
5773 5119 8020 826 1671 7196 6375 9962 9916 3546 
9094 9713 4739 3465 6102 8866 8979 4547 7125 4135 
4256 2178 5277 1257 2286 3090 8946 7262 1088 7829 
9500 6938 3981 99 281 8433 4471 9224 2060 7710 
8909 427 9405 3782 760 7044 1386 7296 5140 2243 
8671 2691 8063 6731 8401 4775 9167 6238 8246 2365 
6562 1772 9036 8297 2786 7670 8243 9345 6833 1079 
7169 1823 7809 991 6623 4898 7509 1933 2022 8959 
5688 991 6487 442 6979 5573 6376 7725 8092 3120 
7894 1790 7254 3390 272 2102 9531 5102 1364 9064 
2090 6290 1308 1016 8714 3909 8890 547 64 5013 
6954 4318 8199 9976 6545 8117 4602 4857 7332 8945 
5670 1376 4438 3901 5257 9274 5660 9175 6410 7136 
5961 6184 7673 3433 6782 9361 1343 1248 2509 7306 
3314 6465 1835 8332 5953 3983 7744 7499 3444 8353 
2954 3225 9040 5523 4764 9792 5739 5494 2728 3305 
1590 6195 6966 3607 1937 7566 1392 4140 1067 4924 
3025 6948 2945 9728 41 3278 1382 8379 7440 7391 
1726 9542 6509 320 8039 3569 5191 6627 886 2816 
6974 2304 8651 7112 4554 6246 8892 5907 5321 6605 
3235 476 1812 3488 5592 4514 2496 2410 3774 7151 
1024 8562 9870 2816 2534 7311 4181 1378 4367 8368 
7323 1387 3839 5883 2953 3662 8489 8068 1268 5038 
4770 4896 7852 8771 9981 3532 7945 4495 273 9636 
9594 423 3355 9730 471 1893 6060 6672 9741 5865 
6914 6752 6745 3611 2009 6203 2089 8112 8634 193 
8656 839 7212 9749 202 6514 3747 2313 3133 4035 
4984 1221 7292 2685 7150 2579 1261 3317 8007 1523 
3308 3481 4137 1217 3292 8842 6155 943 3140 9301 
7839 3991 6705 475 5375 3424 7217 7360 7298 7947 
6395 5450 6362 6863 1021 8937 1148 548 5561 3037 
4670 462 7437 1955 918 7202 7971 7218 5457 8778 
9705 5825 2059 707 9008 9228 7352 8004 7900 2860 
3975 5437 9092 9848 1146 7157 1492 8390 2148 4333 
1305 4707 694 5608 896 2691 5968 7491 9570 5039 
1209 6469 8556 3078 8223 1388 4721 4756 6727 3625 
1641 7882 7660 7803 2416 6686 5374 1336 7230 216 
2055 5599 5842 3009 1445 9395 4573 9810 4172 2867 
3959 8009 4510 8962 6243 5976 5602 8841 7829 9438 
3013 5492 8064 7284 7022 5768 3437 259 207 4466 
3871 6464 3176 5213 1346 3724 4355 9372 7465 8296 
94 8491 9973 3726 2816 5932 9705 8726 7876 9336 
9782 6685 1540 2068 3880 6539 9181 721 5038 4068 
4598 6670 1187 9338 5996 8110 8486 4846 1521 7568 
6408 4171 7096 9718 813 9880 7207 8642 34 3889 
8591 4548 9860 2467 1937 7845 3365 8829 6144 9138 
9103 5583 253 5989 1223 1489 1558 8998 7454 4504 
1010 2057 1153 8997 9391 7626 5004 8825 1704 2850 
8564 6733 3322 6643 5271 1229 4456 4074 3153 2753 
1537 7167 3150 2834 8530 8962 4026 8266 9391 3901 
4097 4980 7692 6949 3632 8344 6413 6097 8697 5748 
9274 3261 4135 4565 9297 7138 4380 8845 8087 7209 
3530 187 3356 6748 3259 4386 970 4379 7203 1171 
64 8147 4104 3249 9015 2463 623 3428 8948 3757 
4596 5466 3374 5620 4230 3959 2179 3982 974 5154 
2483 6576 4508 9510 4318 7224 4173 4001 4414 8319 
1532 1344 102 605 7493 843 9524 1639 9093 3243 
743 3018 5132 117 904 5400 322 954 1178 1466 
1500 6312 8528 8594 2460 9743 9134 5709 7905 9969 
9566 5536 3482 5155 6871 3307 5876 4301 4163 4919 
9749 711 66 8878 5654 647 7434 4362 7461 8267 
2762 3946 9350 6135 8076 8187 5110 8863 4170 9312 
1558 1908 9931 2586 2866 8979 2685 5934 7829 5039 
609 6129 7102 8195 6251 5319 8772 2021 3442 4539 
7177 4280 4447 9661 1811 6201 6008 6954 4205 7202 
111 3469 2946 5170 6407 5567 6985 1565 7524 5621 
4440 6949 8711 4265 961 8363 8568 7314 3089 3601 
4783 4543 5797 3864 3112 7756 228 7343 5413 4303 
7746 6938 2945 9453 7228 7843 5583 7056 7391 1094 
2216 3900 8811 5910 3795 4594 3266 504 6477 2287 
9491 8342 4976 157 1090 8638 9568 781 9252 6691 
3760 5003 4649 2180 3864 5717 9529 1222 2232 6712 
9021 5996 107 560 6668 564 9376 1526 171 197 
23 4352 247 8323 6053 6174 1021 5202 3890 8639 
1736 977 6060 9081 6172 1081 2732 5170 2552 1432 
336 5594 3380 46 7214 7667 9535 8488 1079 9169 
8756 9870 4496 5052 2611 2715 7594 1008 8050 5079 
2414 5857 3478 7629 7337 830 2725 6616 8891 5170 
7776 1711 2912 9386 1472 5905 4583 4407 7298 9420 
7866 6560 7188 4520 2763 8397 165 5327 3816 5539 
5391 6801 3390 3672 8363 2393 4951 5790 8437 8669 
9108 4068 5593 1127 3668 4439 7878 3002 3120 4014 
5681 8334 847 4037 732 3902 9362 3605 5295 1403 
6610 2602 6380 869 5944 4294 9930 2573 8254 2976 
6150 4249 7407 1193 5207 4951 7205 7065 1229 2436 
6826 7851 7180 741 6748 3939 6664 34 4729 2207 
574 14 3762 1892 6248 1425 1143 2681 5337 1749 
6546 1387 9567 5989 9555 9011 8972 9394 9062 2212 
1451 4827 3764 3761 6822 5238 5334 2649 7156 684 
8240 4364 43 1739 6811 262 7413 9547 9181 4306 
5803 9616 209 7625 8372 74 5971 6801 2748 7060 
3152 6452 59 5524 4819 2182 1685 7724 3752 2281 
5134 3709 9760 8910 1678 8564 8670 4025 7270 3181 
4110 6087 6802 9102 3634 9091 2956 5916 4611 3326 
6904 8531 1520 4424 760 9044 5908 332 4833 5325 
8082 7165 9659 1794 1040 3366 6983 1878 4740 3220 
1083 4039 2189 5486 4242 488 1892 5528 1079 2749 
3858 2416 836 2432 5541 1542 174 9565 9966 9357 
9992 8188 6429 7283 6039 1759 7249 3604 7758 1888 
1972 12 1012 3165 2281 6997 3845 6253 7039 5431 
3374 4391 9462 2875 8068 5017 5381 7616 8077 7625 
1174 5761 2999 7477 3784 6456 7385 1233 7948 5044 
7898 3473 4158 922 8951 1479 6854 1982 356 6723 
8736 4316 5757 6945 722 2568 6676 98 8160 5323 
4507 2794 7978 9463 3706 9065 7919 3927 6079 249 
156 6715 3316 8372 6287 9715 2070 570 5317 4504 
94 5825 5266 6867 4206 7195 5023 6501 8309 7270 
4737 3739 3272 5816 8544 1162 9640 577 3716 9798 
3355 2849 4998 5950 6047 9622 5525 1858 4265 1931 
5140 3417 5101 9329 327 3907 1682 2733 7994 1520 
8333 3972 6418 3748 1448 1312 867 4351 7435 916 
3854 6147 8721 110 8228 5733 1941 7898 2780 2354 
5391 4481 404 5694 7788 615 803 4963 6623 6424 
4459 2213 5820 8371 3271 9711 2813 8464 270 5060 
3389 2789 9226 7467 1995 2370 8498 9574 6105 6203 
8116 6003 3745 1727 538 904 9258 2553 8831 8586 
334 9111 9628 6997 6692 7252 770 2299 2031 5761 
1140 8107 5072 4039 3724 9885 7096 900 4703 3210 
2240 5115 8473 607 8232 7257 3354 5566 774 5294 
4054 8300 3075 8588 4526 7891 4135 3179 3545 4523 
288 7523 782 1099 5401 1098 3781 2699 1668 5247 
5231 9727 6887 7105 6896 3119 2920 2915 4823 8504 
8106 9117 9874 6393 520 2554 1888 887 6004 8383 
4426 5848 5969 9482 3619 611 2185 5847 4313 2852 
4916 8278 7128 1910 1493 4426 988 3935 5538 8266 
4911 6769 3102 2077 6004 3182 6100 1339 4360 6715 
4621 5710 8569 1698 8914 1477 9354 4761 1328 9082 
1349 5522 5442 330 5655 539 6097 8051 4336 4514 
4747 3827 5594 7897 8388 3643 9645 5324 7766 7117 
1928 8715 2508 3287 8959 6502 3008 9749 9573 760 
6351 5871 8984 4139 3811 3092 8024 2639 6228 7588 
1822 9953 8566 1866 3424 7812 1807 1958 1604 9924 
7407 8023 1555 4243 1602 7289 3912 4984 5870 8090 
6376 3566 636 733 3682 5910 3945 9102 6936 1938 
7161 4324 6402 7492 7447 392 7707 9464 814 7637 
4364 5589 6492 1839 3151 4980 6122 5179 9183 9943 
9686 8549 6815 9625 2064 6790 6710 4036 6502 9350 
6744 4795 3260 2318 4869 3963 7836 7051 7737 5586 
5726 7567 6091 9955 9464 9625 4500 5351 1951 9639 
9319 1157 8018 515 269 3044 26 5802 6486 5310 
4417 9013 6512 5406 9358 4320 1293 5427 1144 7125 
6267 167 859 8010 976 1426 8101 4785 6591 2569 
7081 3691 8978 6618 1421 1697 5907 2788 8261 1983 
8998 1951 9949 3269 219 8804 4925 4712 9790 4040 
3144 1793 5517 9690 5853 4075 3885 8445 6807 6154 
5183 3767 2332 8772 4391 7849 6053 4650 5304 8140 
7624 8985 8273 4293 270 3344 1053 5967 7765 9020 
215 7021 7381 3775 2220 7350 4914 9542 2787 5429 
7694 5402 6989 3112 9866 713 3988 1820 8439 930 
4938 4635 7871 94 5609 9151 9344 6428 9173 15 
7679 304 2390 2085 7277 4550 2992 1273 8445 87 
195 7271 1414 3542 5216 7805 7119 4367 3564 4366 
376 493 2552 497 583 912 5644 5941 7083 2411 
1419 8414 2762 8573 6089 9637 2848 4889 5182 2204 
1538 2263 8277 5368 5399 7622 6571 3476 2607 4613 
8270 6394 8189 9174 2177 1616 7747 7157 238 5778 
3399 4333 2658 8843 2852 3931 5932 1790 3542 6334 
2167 6241 6706 3280 625 8030 3708 9995 3725 9810 
9780 1271 7535 2323 7414 237 9820 6075 8813 1109 
3444 4075 3995 8841 3677 5482 353 3691 5813 2084 
4512 4410 7520 9562 674 1241 7457 4708 2862 8569 
2465 434 5106 6917 6166 9790 822 2833 7510 1338 
7600 6853 2865 9095 1920 6109 9212 9000 1764 1935 
7038 7545 2748 3463 6864 4187 9908 1558 8348 8191 
6054 6250 813 7386 7794 8052 8919 673 3683 9508 
858 4976 9245 7552 6375 7425 8420 8312 3255 1566 
2987 4574 4670 6182 2615 9322 9939 8351 6564 8955 
9613 5826 8989 5828 3492 8550 1369 349 456 8855 
5416 4078 1358 364 4668 7462 6262 1549 8393 1440 
9151 6060 3982 2545 7081 3242 9176 4018 1245 4064 
9183 3862 1914 6099 3258 1669 6206 1881 7191 947 
9162 3232 2509 7696 3228 2342 3740 7404 2227 6929 
4211 8241 4924 8280 4806 2934 5707 3094 8311 5231 
2232 3253 6933 8319 8113 8103 8239 5570 1288 2630 
1530 6806 4269 2337 3214 4565 4400 3846 8454 5387 
3996 9918 2767 7553 4525 9805 2972 2348 6037 5286 
9793 515 2471 7569 945 6020 5315 8572 6511 9883 
2656 9295 1003 4096 9483 4 2832 5409 6058 2078 
1204 2193 9936 3259 3524 960 7000 7476 6821 7486 
6490 5433 5324 3382 2873 8324 7 5526 2907 9576 
6207 8929 6016 3566 5146 5465 6523 3467 9926 6229 
5544 7967 3309 7459 6571 1256 7542 8224 1081 252 
1598 4145 8153 7315 5936 7814 354 3673 554 7449 
3250 8923 7734 2427 3116 1296 6526 2251 7850 3501 
9767 2871 5203 9275 709 514 8551 5927 3450 1629 
2810 8385 5477 1676 3546 5023 6005 9994 1983 3555 
3582 471 2151 2137 2981 3979 3466 3337 766 2297 
1839 9362 3593 6832 4776 9622 7394 4380 8269 9404 
3115 59 7886 6104 9585 8011 559 2330 808 9325 
1133 7633 5723 8265 5256 5735 9533 7926 2127 3291 
7240 2235 7301 3124 841 5846 2508 8300 4430 2905 
6847 4026 8992 8621 16 6148 7418 9912 9710 2037 
2236 8273 9625 6759 9383 2490 2556 4758 8133 3991 
2324 5995 8694 8006 8385 1051 7665 8215 9790 8411 
2706 3546 6853 4301 1545 5723 7679 7009 904 7425 
8916 7579 7836 3892 5458 4294 1615 9564 1147 5730 
1241 8498 5488 2764 4970 6224 7066 5884 5511 9635 
4803 860 5476 5005 977 5216 3279 902 9540 9047 
5018 8844 9952 4390 6942 7818 320 1485 670 6199 
5352 2607 1114 4457 1686 8440 8633 1963 4146 3039 
4584 4833 8361 3379 195 7985 8786 9875 7702 1591 
4388 2369 3138 7023 3551 3755 4957 9738 7795 9724 
6063 6437 7114 8601 1068 4019 6016 6320 9578 9853 
2847 5595 2990 9336 8236 7204 4897 4841 9911 6391 
3811 8877 4288 1988 684 3954 181 9922 8787 4024 
8823 6589 9677 9014 2108 9954 5369 6532 6016 1085 
9793 362 1623 6181 8016 5672 7020 9620 7870 7462 
9538 6626 4954 5234 6295 2599 9811 9620 7457 5403 
5715 303 5604 6964 2526 5198 9211 591 639 8901 
616 3303 7708 2298 8972 1140 8373 3110 1834 2285 
2789 6520 4464 662 6078 2755 249 2819 9899 8801 
8699 4444 2261 7560 8714 6033 8726 7833 5382 1140 
4731 9786 3691 8486 7713 507 8485 4663 9209 3257 
6793 6303 515 2303 5226 5799 6152 6032 9583 5999 
3174 4485 2770 355 4108 5139 7716 4078 9502 1081 
5540 4599 793 4509 7928 5512 6809 8055 5503 7009 
4380 8723 6173 522 1185 2197 5009 4597 2906 9586 
4842 7901 8308 4519 3666 3335 6380 591 6034 7410 
4176 5068 5816 2000 7211 4272 8451 1687 9445 7517 
1345 3684 704 9419 6671 172 4251 8291 4613 6266 
439 5388 2324 6506 8674 7267 9239 945 3715 8776 
6148 144 3297 2944 9198 1800 2263 9263 1370 682 
3250 5811 7618 6372 4798 6513 330 8647 1011 560 
3729 8169 5290 5290 7188 6944 6823 2125 5951 5433 
537 7026 8024 9565 2562 4446 1011 854 8279 574 
3262 6295 1328 7962 3866 6912 3096 3454 7271 9469 
8990 5202 6380 9539 1789 736 289 2071 6938 7751 
3295 9142 3327 7826 9807 2956 3556 1519 8556 8480 
8523 7849 269 2709 8896 2279 2146 3211 8330 8296 
6221 8222 1614 5707 6003 5719 5778 2861 7014 6992 
8980 7963 493 4416 8263 4463 5994 4657 4658 2791 
7390 6754 7852 9037 6028 9086 9726 7472 2098 2606 
5987 6897 376 1319 4009 1236 1201 1910 2312 1458 
2911 5851 8223 734 3649 8224 2166 7230 6366 9259 
3133 4927 4107 6549 7360 8902 8515 5386 752 2823 
169 9760 6744 365 9351 3263 3685 9731 9120 3651 
6145 3092 4603 1210 5455 9158 1767 1355 9601 3322 
8694 8975 836 4997 7607 6153 9353 5832 988 6983 
5991 294 4015 5279 9989 321 5770 8272 3038 3400 
1854 8468 1737 2461 2270 5815 7448 9377 3076 478 
8112 540 7766 207 6955 6815 8563 5987 7608 1141 
1565 7963 9050 6179 494 703 6645 693 2963 1361 
6919 7889 5633 924 933 2379 8254 2437 2634 1049 
2271 8584 3005 6982 3068 7338 645 6506 4088 5163 
3715 3264 9378 6618 5761 1176 2372 1479 4903 198 
2604 9643 1700 9704 2210 1239 8582 4675 8381 6567 
1148 2902 4519 7546 4755 5582 8092 4278 2298 2672 
3025 7538 3818 8984 2313 7285 2130 4069 3553 9384 
2253 2555 6706 5332 8077 9548 4989 2678 186 2501 
5833 9277 8382 686 41 2995 6466 5916 8767 2033 
3941 6359 2280 7984 1088 5018 3836 6509 2420 7960 
7517 2334 9254 6009 2107 1125 9121 5158 1524 8379 
9546 9208 2605 4983 7177 2777 979 6526 6063 9173 
3433 5099 956 9742 5930 1973 3906 1112 9119 2974 
6670 3965 1802 4208 8622 3115 8319 6939 9909 919 
7289 4021 9019 2952 8662 3065 3203 1056 1324 5939 
9083 2828 8735 1553 2990 7 8670 2836 5515 5509 
1975 8710 4539 423 7484 9048 8241 1310 2989 8338 
1850 8005 6149 9179 5245 1374 827 5048 9108 4050 
1357 1736 1653 5752 6483 6063 5828 2145 580 5200 
9876 9892 9397 4900 119 6949 6536 4115 9216 348 
435 2929 1289 8015 1689 3466 9209 834 8205 5112 
8743 3669 5565 7395 486 5248 5947 8046 3011 8170 
4299 1895 7927 1237 7489 8210 1062 6379 2546 162 
1845 8960 5129 5154 2346 5446 4110 6065 3545 7605 
4475 8554 7953 3829 2580 847 7733 7339 8023 3320 
9451 8398 6600 3718 8467 8283 8389 1766 3289 1296 
4790 8799 3367 441 4752 6868 6527 7338 1682 4372 
2713 3799 4334 9797 7946 3990 6699 4402 5286 1569 
3987 3261 8576 3141 5179 8946 8038 2471 1019 3107 
6531 4089 8873 7081 6006 1437 6643 8714 1317 832 
5321 4618 5975 304 7120 7533 2286 7001 6074 2146 
3084 6800 1476 5573 4333 8507 5632 5586 2490 9018 
3587 4196 885 3582 8438 4890 6031 2560 194 9292 
2116 4668 1319 2541 5960 4313 2654 7026 9622 4024 
7878 1819 2179 8563 4067 5843 522 3736 4404 2217 
3773 2190 9247 5223 9908 4335 8680 7414 668 705 
5896 8474 6917 6799 3945 1367 7970 8585 4613 1999 
1897 6074 4229 5431 9079 1624 3630 57 9603 7715 
6383 7648 2033 4211 8045 569 708 5858 8832 1742 
2273 7287 4578 5343 8139 2531 7400 9171 2020 7582 
1605 8871 5459 688 2161 1836 4277 7371 696 6968 
5866 7770 4760 5020 5943 4255 5258 6113 9618 8558 
9449 6708 9163 5236 6401 2989 4360 7040 3189 3817 
7554 5677 6247 8879 2018 8430 3882 8988 935 9391 
5190 8155 9615 14 6947 31 4041 875 7972 2608 
7062 228 7749 4241 8595 3411 2274 5414 9725 9262 
82 2985 5936 3381 9021 8595 2505 3405 3043 1382 
6879 5078 682 8567 49 3844 6317 6957 5892 6280 
1448 4504 7953 4737 1286 9498 345 835 370 2799 
8712 4471 4583 5876 916 8777 733 4692 288 4375 
9940 7462 3113 4680 6282 8609 2593 4666 3866 4982 
5683 4875 9932 2295 5937 856 2593 674 2577 8884 
8453 2332 136 8616 3596 7118 1214 8729 8951 9381 
2282 1397 5927 3940 5008 9806 1657 6448 1958 8965 
9553 4823 3903 141 5325 6229 6459 2311 5882 5275 
1540 7250 8717 6075 4388 5884 5861 4335 4653 2442 
57 4290 862 102 9570 6089 6485 9580 2403 955 
5364 356 5552 8863 1160 2470 9673 90 5954 8150 
3349 1405 1589 8799 5584 954 5331 3526 7731 5935 
3570 5852 9840 6677 4159 6481 652 4334 6037 1398 
1145 7520 1766 2418 957 6505 4195 8574 4914 844 
9340 9721 6986 315 738 8355 7216 8358 8508 499 
5544 5459 7039 9432 9967 3215 512 8065 1126 6014 
5521 7897 8112 7992 6553 496 2248 2832 2069 6535 
2607 4897 9531 9729 9314 7485 1481 5679 9829 2990 
7727 2562 9327 8866 2130 4469 6712 8160 2144 984 
2179 8596 3292 277 7023 8992 7225 9000 2272 5242 
8420 1202 4943 1778 563 7062 585 8314 6530 349 
2542 7579 8985 9572 9725 3429 5211 6383 5893 3431 
7735 2165 9727 7863 9123 7231 5099 2789 2786 5825 
766 4211 4502 921 6405 241 9724 4912 9312 2783 
2222 3398 6441 2874 7309 1710 9431 3993 9167 6977 
186 2037 6386 6664 3913 4431 8743 4333 988 1753 
8142 1933 3289 6165 6244 2691 5967 5597 3933 9448 
8241 7145 6707 6793 9600 9594 9104 7754 7916 6078 
6641 9481 8084 597 2119 2688 4641 9867 7660 7723 
1280 4754 1354 6809 3427 4170 5312 3802 3134 2133 
714 3830 8665 297 2026 4724 2422 3334 6055 9759 
4883 5555 7859 8464 4615 4081 984 4621 2365 8264 
7032 9913 4728 5240 752 9255 7338 7391 1959 5675 
9384 9688 8574 8245 8655 9597 1949 6464 4057 3796 
8249 4766 8901 9119 8202 149 7733 1567 1674 4716 
9857 5430 6050 597 7488 6581 5766 8897 1682 1097 
3076 4378 7699 2803 9444 9853 5776 6088 5987 2538 
344 1327 3370 5451 2483 8279 9115 8371 185 8334 
369 2038 7495 5445 6762 8750 2156 1211 6535 8564 
5242 8998 9741 2179 9452 770 8835 4743 4231 8351 
2686 4694 3821 4138 1608 5028 2945 1255 4316 1323 
8267 8705 7893 6030 4316 2654 9055 8649 4638 582 
4582 4578 4416 7223 5708 3390 9212 4013 6252 5270 
416 8943 8919 7784 1234 694 271 2788 331 3794 
2833 8647 6396 4200 6324 2399 4905 5977 3220 4795 
8447 8986 1964 9348 2535 8179 5953 7090 5071 7433 
3626 8998 8688 653 3808 3360 2279 44 5963 8281 
4216 5075 4485 3662 2589 2267 9768 5349 9245 2895 
572 684 5165 850 4165 684 1457 4099 4129 1234 
8111 4431 5335 8990 1043 3537 3519 1202 1617 5692 
8149 8751 4585 3486 4646 420 344 1424 7405 766 
2782 7406 3396 4566 3637 6683 8393 6993 5804 5714 
9236 6287 9659 8778 7460 6624 6298 8755 462 4676 
699 1414 6079 682 483 7143 981 3080 9585 6712 
3986 6525 2303 5311 5398 7152 800 5049 8925 4880 
1641 4979 7494 9360 2308 3893 170 1172 9902 2405 
1718 6850 371 8393 4291 9702 4590 2152 5652 7604 
4562 5842 4263 4030 2357 5101 3222 4957 9820 6514 
258 7438 310 3020 5880 897 3446 8260 4655 3896 
1958 7754 9132 1794 4425 1094 997 9052 6190 8764 
6770 9998 4711 8643 3760 369 2553 5447 8478 9977 
3888 5111 4524 8736 6345 703 4739 9876 5691 9228 
1089 5643 6279 4315 5624 3379 9659 7208 21 137 
1322 3741 2097 9227 9403 5465 7568 4739 9872 4966 
7483 3090 5390 9509 8447 9820 701 5136 9422 9926 
2713 4559 144 4261 685 2133 1863 1933 2004 8328 
8765 7267 5895 5298 4539 8291 9158 5119 1956 5520 
9470 2133 8916 5879 9366 1428 7482 523 2529 6834 
9168 6086 5454 2197 5081 4063 7877 6300 1952 5554 
7318 1276 8472 1692 6563 10 6290 4182 8190 4885 
9794 1599 9060 6669 7778 180 2190 1197 4497 9522 
7290 9759 8383 310 1423 4939 9691 8628 9342 2429 
2253 8343 9126 8136 3652 6290 22 23 9257 3798 
4574 9045 7735 6804 7260 3789 9200 6320 4694 2433 
5977 5715 2202 9818 5285 8497 1000 2835 6180 6825 
1787 3582 8895 9870 7667 840 7996 2504 3725 8114 
3281 845 1933 5313 45 8007 2459 7389 9243 1417 
3580 4379 4003 3504 5212 4785 9276 5875 7842 1459 
1419 9054 1932 6402 4899 1630 801 5660 7754 9317 
2733 7832 6207 6857 6442 4663 1802 2604 3577 5693 
5447 2488 1659 3194 1608 9109 2655 8853 6824 7946 
2044 9259 8781 1789 8688 5176 629 6271 124 9132 
7166 6640 4944 3892 4560 7401 2805 8177 2038 6004 
1568 850 8843 9224 3090 536 9976 5271 7477 1189 
7533 3802 4653 8129 8258 2441 2022 8845 8953 7127 
6591 3782 2062 2490 6426 2529 2024 7673 800 499 
9249 6853 5689 6203 2833 7467 5670 9773 7962 3840 
4179 2603 7555 8775 5131 8061 4568 4612 6610 910 
883 5643 7094 1874 6477 5317 2201 3551 8128 3148 
8202 7268 7915 5158 1828 7907 8527 2045 6629 6782 
731 525 2858 8012 2127 6786 9944 9461 2769 916 
9166 9085 1271 5100 200 6150 4522 3161 4692 775 
7175 8507 3439 1446 855 3705 3464 6224 749 9976 
9065 5174 1584 9906 8560 2266 8780 3981 8536 6966 
9022 647 8701 7477 8998 4205 7303 8114 8312 3797 
9930 3191 9075 9861 8681 7182 3903 4132 6347 987 
3549 7346 8616 6374 3314 739 9268 1206 3000 9816 
9742 4968 6630 225 7752 539 1975 1409 489 8935 
1482 4659 8705 5609 1258 4945 5410 678 2560 8977 
4645 2886 1377 2691 2019 5942 2171 4759 4117 3684 
7276 6557 181 9383 8758 6205 8300 2829 4838 2052 
4627 4392 7189 273 5704 8762 8818 6101 1654 2036 
7203 5200 9724 539 5458 8622 1147 4430 5302 5481 
208 5669 9350 6804 8634 3714 9796 783 6113 4564 
2995 479 1565 7383 1500 381 7414 9543 1725 7424 
618 9375 28 5134 8592 2410 7966 2600 683 7590 
5461 9934 8881 3568 3195 7529 9399 1101 2523 5971 
2321 4306 4748 7308 936 2612 2219 949 6191 4510 
9437 6401 5189 1321 751 4529 7185 6522 3734 8270 
1216 3081 6975 4024 4041 8843 2663 7006 1230 2419 
9209 7599 9680 2910 4629 2775 5175 62 4454 3748 
209 4370 1186 3043 1219 2909 7397 2426 9815 9367 
9921 8602 7716 3973 6134 4795 9469 5650 9441 4897 
497 2699 3255 9898 1780 1837 6417 8617 9353 327 
6870 3320 1804 7488 6209 6444 166 1693 8385 9523 
2090 5433 6844 2515 5583 5786 9123 9155 1595 8956 
9438 4826 9298 4428 9103 3118 3836 554 8025 7538 
2121 1320 9489 3560 1684 3959 3713 8856 2495 213 
9598 8441 3807 2881 3174 2504 9151 4884 146 7291 
316 2027 834 2163 9142 9764 3417 5933 2292 3045 
6468 9678 3616 8960 267 1901 7572 18 1630 7118 
1850 8678 1323 1184 8629 391 2762 5982 1053 6044 
7256 5165 7961 76 7206 6890 8042 9461 4272 8736 
5118 1133 937 3546 3934 2420 7263 5604 7696 6128 
2594 3009 7103 7982 5013 7957 4415 7811 2889 3511 
9031 543 4769 7088 5141 9930 4585 1625 6957 1136 
9539 9129 6096 4817 5810 8519 5755 8100 5285 1868 
7143 2472 1344 542 1713 6090 1249 7773 7798 5111 
9031 278 8234 9904 3366 5010 4308 3320 4017 1739 
9809 6257 4708 5752 5530 7510 723 1536 5114 3568 
9075 1440 3529 8507 9065 3379 9042 2752 233 61 
1549 8020 4839 4975 8660 5379 1836 8710 3415 7229 
4859 6681 8582 1789 9863 5505 8059 9599 2254 5961 
6528 8086 4561 9846 8123 8860 5460 2139 7202 347 
1499 4512 3289 138 696 4738 4778 9512 3979 2490 
2283 3865 3379 4315 5673 8309 2090 8247 5336 4530 
5303 3806 3777 9259 2468 7409 4798 7377 2125 9470 
9943 5101 5167 7919 474 4522 1445 8492 1478 3905 
8717 7384 7830 9765 6994 5233 6582 4300 280 2072 
1817 3235 3855 1109 8112 3753 32 3300 5376 3422 
9491 8172 7285 5317 8880 5212 3616 7744 9086 1203 
8571 6255 3677 3467 9888 3347 7122 5747 6082 8640 
3166 1986 4115 6725 5390 9019 6521 1992 4318 2983 
8886 4966 5807 8900 1144 5015 383 2770 6594 5340 
5877 5743 4142 4129 9074 148 2787 7028 2346 5068 
3431 3813 4943 650 864 3586 6263 2343 5539 2036 
6176 8138 7451 3935 2688 536 7103 3751 7186 7750 
7063 1653 1171 9123 7990 3193 7989 3298 8177 2043 
6168 7673 8051 700 735 9501 253 1583 8776 2865 
3834 6872 6227 1412 6363 5121 7671 7214 3267 9289 
7668 7322 4093 7499 6888 4074 6987 2395 2567 5209 
3934 2191 5301 8424 5560 6630 8693 8163 4885 7939 
7959 4692 6137 3096 4856 6876 4213 9869 2952 7700 
5276 8296 4398 7061 9942 5954 5066 7529 8675 4968 
6446 8652 2402 681 5472 9686 5591 988 8185 5470 
8121 4030 6356 1071 4626 7242 964 6137 4570 7830 
8961 5667 2134 8114 1646 5768 5268 9441 5631 8715 
4917 5077 782 7889 18 4731 8960 8289 9337 3225 
716 9762 1533 2783 7287 729 1504 7513 6002 8312 
1876 9224 3348 3271 6570 8041 5769 5383 8309 4633 
641 8208 9252 9520 5295 763 9287 7087 1347 2350 
5390 3989 4664 2682 4008 8326 8832 9954 3354 6498 
6711 7040 6020 9324 386 6877 6554 5684 6638 3809 
957 6346 6867 3633 2679 4077 7893 3687 2126 4684 
4177 5035 2894 9106 9763 2065 7715 3387 9882 5742 
5699 4870 7098 2623 4979 5796 7613 8784 1960 610 
3696 4409 9885 843 5054 5633 666 5394 7731 7681 
3469 2331 7535 5874 5907 4590 6163 8610 7065 6609 
1773 3539 6617 3472 961 2538 2452 9526 5281 2983 
3416 1585 8608 3613 870 7417 8655 7060 5414 7009 
158 63 414 3744 901 9015 8235 3184 5451 5971 
3815 2978 8008 1251 2235 3884 5031 8177 2097 9812 
7924 8620 2514 839 3539 3378 615 2362 2251 3179 
1145 9845 3160 5483 9985 7493 7317 8419 1476 1669 
2984 9031 2811 1052 5943 7451 5528 7294 3636 7175 
9044 1335 7081 4458 6825 5088 2091 5305 5598 8598 
3130 6778 7258 8059 2310 5313 9550 9559 6634 667 
142 5416 3154 2817 3716 4810 5415 6849 7222 2083 
7813 6082 1474 3262 7842 8809 2162 1334 9328 1025 
8882 9592 6251 1530 31 1526 6782 1556 9535 896 
7592 4545 1790 6689 1580 8314 340 7903 6624 7128 
1069 4726 3852 7086 9023 9581 8314 5058 8496 3051 
573 7899 6389 2364 1816 2344 9459 4647 4843 6194 
2124 6154 621 1227 4654 1238 1132 2845 5209 7358 
7473 4114 904 8290 1931 9352 770 3991 1791 523 
8169 5712 9077 7477 4299 3203 7754 4930 3014 2217 
1108 9393 7094 4824 1401 5400 9092 2211 6805 960 
1574 602 5014 8196 2706 7715 2617 1957 3968 8952 
9957 6844 8963 6569 3579 9904 7177 337 9250 4243 
529 4900 3212 5836 3040 833 3315 6602 5643 524 
8944 5569 1723 7121 2176 4880 5895 6177 5049 2138 
3820 6457 6854 3807 5170 1038 7744 3776 3422 2629 
3641 2413 7294 6230 7579 5230 1450 4133 4583 2178 
1848 8586 8562 8611 5472 2840 228 6154 129 7795 
9374 9549 7257 9197 3700 3849 4297 1627 1372 7968 
3431 1139 2579 1589 5195 3559 3220 8478 4058 5828 
1810 5862 4329 9259 3730 5751 5139 100 2830 8094 
3973 6089 8118 4800 8163 2685 1498 2581 2650 4811 
588 2274 4596 487 457 1693 8305 2585 2363 1980 
2736 6057 9401 8238 8283 8107 5726 8023 6091 7082 
5478 8594 981 7811 3822 2038 3212 9934 1299 937 
4628 6507 7580 2152 4545 2439 6899 3397 4265 1979 
7994 5069 2867 9508 3221 3947 2931 5845 9634 6066 
991 7147 9520 4016 1151 8587 186 9205 9639 7509 
8419 2856 8070 7969 6849 1428 3561 5046 2455 6107 
3649 7038 7927 3834 5932 7287 2901 8873 8426 559 
7934 1383 4719 8631 5609 4218 6798 4114 7 9592 
5620 7503 6656 9810 8505 2336 8832 963 2622 3846 
85 5003 1683 5703 988 9767 78 4929 6289 4009 
5213 9950 3237 2610 6927 6654 579 9643 2313 6712 
2476 2992 5054 5312 7097 15 474 8838 298 4044 
5678 3013 4828 9506 4775 4607 8995 2877 3969 847 
1580 5822 904 1531 7988 731 7039 5806 3031 2871 
9693 3620 4459 7249 6029 8584 3540 3480 1 9618 
609 9536 5924 2061 6013 7683 5322 6156 4238 9190 
4740 6026 2349 7022 7450 7437 8580 3852 6376 2516 
1665 368 4392 4722 5184 6451 3183 2790 5811 5179 
7431 2457 783 2976 2327 6505 9178 8914 2215 8612 
5279 2100 6760 3991 742 8879 1312 2566 9261 9669 
7650 6192 1914 1654 1183 8262 5250 6557 3095 5465 
2921 2514 4017 402 6997 2334 6468 3612 8549 6335 
5896 9861 601 2072 3857 7571 5410 8864 1372 4723 
8355 1590 4180 8110 4378 4766 9441 1163 3729 8758 
108 6352 7081 973 6519 9085 8421 351 8508 398 
6326 9886 3342 6862 1408 3767 6115 5044 3860 7635 
4118 489 1803 7260 7604 7014 6077 4589 406 5823 
2842 3391 7165 1707 3614 3992 7042 9198 3180 2261 
210 3611 5502 3246 9472 836 3980 5127 1445 8329 
5133 9047 4918 7236 3350 3830 3712 2981 1598 6918 
1769 8805 3209 9246 2750 813 9040 4827 3829 1283 
3620 2530 1792 8840 8339 1963 3504 1214 8233 5437 
7473 3147 80 3821 6235 7916 4828 8392 1282 6803 
2221 4170 5732 6429 3179 2141 327 6173 1132 6752 
5612 6011 5789 3464 8122 3645 7282 1715 5274 7954 
5846 4927 6297 3547 8344 7751 3215 2369 1837 8449 
651 8166 8741 8463 3938 3702 585 3833 285 8614 
9321 4640 8671 5706 7902 6954 1269 9610 2016 5464 
8522 6366 3841 5709 8369 9272 9779 8638 3056 1699 
3766 1787 6907 2436 9805 7518 9937 1992 3950 9830 
2133 7097 3477 1755 8607 8583 9510 9095 712 9617 
7251 5706 8799 5629 4361 1767 5198 5137 4048 5485 
4280 1653 8382 4939 5069 5352 8543 1989 3029 6232 
5738 264 3478 3188 5261 5330 5337 3268 6158 6022 
7621 3620 3681 1350 3029 9139 2619 6406 7916 6588 
6442 6754 7179 7446 7657 8422 4458 5167 2049 1519 
635 3807 257 8211 7054 1714 6556 3300 5681 9665 
2587 8063 4074 2222 1513 9998 436 638 1594 4255 
4120 4044 1172 4003 4095 1120 9769 4244 9499 6136 
3953 9881 8989 2200 9213 3541 8050 2663 1231 2915 
8353 1884 2406 229 7460 4495 2549 2437 2070 8688 
883 5287 2025 9142 3530 9740 5955 5855 839 1190 
5504 9266 44 5936 3124 8837 6531 4245 613 6073 
6446 708 2653 9248 6305 6421 4302 1045 20 7003 
4793 3959 7480 850 7458 2145 3068 2488 7566 2267 
1542 7031 1365 7542 5533 5473 5620 5535 1093 6306 
4410 9855 9399 6343 3243 6005 788 9092 7066 5709 
589 3355 7558 9572 2084 4400 9672 6016 1970 7203 
7340 6788 8348 2128 9476 817 9504 2745 5092 8676 
8298 5594 7269 4647 7930 4304 2591 7740 6892 6540 
2372 6578 4822 1611 9739 4324 3523 5051 6867 3754 
9915 4804 480 3425 6980 7772 5189 3840 8896 7116 
9746 4810 2595 7292 7157 9376 9191 5173 7084 9031 
6685 2182 6932 8733 8837 827 4455 4655 1756 220 
9928 8083 124 1793 323 1654 6016 1817 7595 6915 
5838 2138 8801 2982 9846 7684 7810 5012 904 9095 
254 579 2107 4368 5084 5723 7878 5651 3528 8239 
9419 1261 1282 3002 153 22 3519 9512 6602 7663 
5143 7514 6859 1389 9402 3494 3595 1514 1843 4968 
8864 8087 1280 6329 5778 6885 9722 6396 5370 7294 
775 8599 3698 6270 5825 1806 7683 5734 963 1636 
8876 9061 3995 774 8978 3386 5913 5807 486 4753 
1044 8054 9731 5308 1538 2274 2640 7095 4211 1487 
5980 6582 6039 6340 1695 2294 880 1823 1879 1664 
6355 1497 9298 2028 830 9550 1349 160 913 9576 
6074 257 1696 9712 8373 2976 5972 5251 7268 8624 
7301 8965 5112 1891 3154 6608 8459 9413 47 9758 
6010 1080 4312 1789 9262 7466 3849 495 7018 713 
8979 4892 9437 8499 7281 9971 3192 44 4808 5427 
219 8614 2556 9092 3006 8454 8325 8789 7770 7462 
6124 1175 6745 5091 8141 1689 7729 8312 6737 9281 
7509 1695 9709 8838 2453 3879 4927 3826 7537 2715 
7139 8679 6009 7416 1133 4479 2709 7097 1986 9444 
2705 1742 3816 2446 5110 6410 8854 8087 9111 8534 
6273 3982 465 1155 6082 803 9487 3605 9847 8290 
5993 2147 1832 7911 312 6547 770 262 8542 7858 
8095 9226 8734 4924 9042 8341 4756 1314 2113 7598 
2741 9258 8973 8328 7247 2595 4502 2131 6299 5224 
2985 3974 2775 4792 4770 9940 3552 6045 2281 9450 
6777 4905 8312 4380 2381 7727 4526 7441 1436 4430 
6633 531 6318 879 3916 7980 2154 6556 6158 324 
5173 5571 2240 7199 3085 1105 4840 2167 6216 8111 
7022 1387 8790 8819 475 9236 2808 128 6633 3772 
377 1679 6265 5403 2587 1017 390 393 6371 9333 
858 9716 613 3610 8224 6443 6589 680 5108 2080 
7829 397 3343 4694 6366 1501 961 9914 7121 4271 
307 9554 554 7243 3499 5809 8475 5403 8681 7055 
9694 51 2911 7826 9596 9269 1149 83 2876 8247 
5971 7674 8197 9972 5987 2277 1039 9196 7156 6420 
1648 1054 6716 2682 5768 7639 6235 8056 9623 1043 
4754 4698 6621 2191 2868 9228 8239 3204 8962 8576 
6751 2599 3611 8781 2111 1883 7868 7592 9607 317 
8630 6424 2692 5669 9801 3765 9879 2126 5786 7922 
2218 1455 4548 4892 3598 129 9599 1867 9878 4853 
4882 8383 5651 1411 8440 7323 4535 6911 3593 345 
603 4889 2379 9714 8522 1125 6470 7433 1916 6386 
952 5942 5953 4987 7892 5679 7684 4266 5968 763 
7368 2906 4143 5614 6985 6334 1846 9308 787 9778 
8553 936 7536 6618 7780 6028 690 4739 874 3563 
8755 4756 9218 6711 7320 9597 267 891 7169 7978 
4899 5908 4046 9122 8447 1012 4153 2933 6137 516 
7183 5042 207 7684 6702 2830 2527 2254 1721 3313 
1432 4533 5990 7374 7988 5099 1141 3826 7584 9055 
1074 9653 12 6283 6362 1321 6700 6184 9057 3831 
1459 9912 8065 2869 4888 7062 2126 5353 5754 1933 
6244 6895 8495 505 8916 1845 9749 457 4415 8851 
5897 8398 4490 1182 5559 4105 2008 1203 1892 5721 
5437 9494 8556 2564 6409 9899 7318 3499 5052 2086 
2612 6659 6620 9734 970 6227 2730 636 5810 3736 
9380 1663 3629 2313 1796 523 1427 9018 390 7933 
6021 3731 1922 8321 1274 7539 4734 6219 416 3941 
3539 3593 7064 889 4282 3417 1384 5487 5562 4606 
8636 6455 948 5136 5956 8145 2337 972 1074 4638 
5527 5899 3895 1872 530 6114 3397 520 7271 5758 
9699 8424 723 4998 8021 4391 9571 1491 556 283 
6484 7567 7896 7962 2349 2936 9244 1153 7009 3751 
5031 8289 2150 8418 3136 6653 5464 9602 1255 9432 
7287 1127 8141 6483 5260 4809 4297 666 1384 8978 
1547 4973 1991 7714 8201 604 2903 2625 6361 6511 
4377 1337 3125 6386 208 3850 6159 7657 7620 6530 
4346 3815 5991 3001 5333 3402 3431 9190 9565 4563 
434 4425 6247 4542 7987 9453 5924 2192 9731 8825 
4509 199 946 3418 1383 7661 3468 3429 9680 6189 
6375 4531 1119 102 4353 5991 1855 6016 9534 6495 
7916 3428 6440 4933 3074 7018 5016 8879 764 551 
197 984 5239 6498 1597 7641 527 9880 4986 1254 
7659 3645 3636 6763 3230 3758 183 8635 9471 2920 
1462 1335 9811 6727 7845 2026 8596 8686 6361 7512 
1160 4194 7915 3 461 1495 5768 2739 8018 8725 
8956 6013 4933 3212 3989 2843 5397 4354 4149 9038 
5091 9252 8302 5053 9107 6276 5744 7193 905 240 
6061 5750 1714 466 404 4226 9421 4678 8584 227 
9716 651 1314 9240 1523 5342 6261 3668 7073 3640 
3323 1514 5063 1497 1978 3509 7172 3360 457 7841 
2150 4868 1130 4648 2669 1313 2696 8864 3413 6746 
735 8352 1328 6565 784 9840 1260 9798 5227 2502 
1375 6246 8048 7283 4689 4982 8723 8499 9396 1910 
5240 1242 663 28 110 1530 9627 5342 2703 5107 
3219 3853 1870 3106 3427 36 792 8153 7792 6385 
9684 4484 508 2441 5217 8034 9516 8240 4219 8522 
7852 4673 183 9707 7517 8413 3899 786 7954 2376 
8787 8176 1629 4059 585 4664 7927 9516 3007 9651 
6583 7653 915 5746 1329 9160 9343 4955 2855 1661 
716 3260 5969 2965 6458 5583 792 675 1983 690 
8008 1668 7036 9475 303 8111 6203 7105 9566 9703 
8905 9985 2399 9875 6646 1501 5050 9585 4699 5305 
3853 741 396 3119 2665 8952 2630 8348 1871 24 
6510 6403 9955 8032 3975 2452 238 642 2620 2632 
5507 1028 5081 4838 5036 4189 8716 3813 3689 8868 
67 4206 1349 2839 772 482 6816 2192 2334 2392 
2029 293 6549 7024 8117 77 8136 6110 6954 4081 
5373 2490 867 6525 7864 3203 1315 1037 68 5356 
3381 1649 3601 8835 4572 6665 9668 8478 1939 7627 
2068 8071 2942 6330 9195 7105 1707 6887 5769 3210 
7283 5317 266 8732 938 546 1181 5005 1791 4328 
4160 9043 4972 6302 6520 9831 2689 5853 9956 8407 
4655 4689 4845 5453 3464 1792 1883 6345 4436 9630 
9877 5341 4407 4797 2586 7937 4545 928 7004 8808 
4663 39 1360 5116 5610 6785 5292 5658 7808 4785 
5081 3206 7364 6016 7598 9132 3983 6826 6793 9468 
5147 991 6092 5111 1429 1102 6078 5453 3404 6888 
4386 1475 2434 7776 8491 3991 8632 8983 1071 3071 
1547 611 1396 2195 3697 829 6121 9504 5833 164 
9061 1147 5752 125 7527 2163 8670 115 9541 6425 
7815 5170 3006 2456 7480 1938 7881 909 5411 3685 
2284 78 7603 6028 7278 4789 7886 3082 1514 7445 
3828 8394 338 2625 880 5143 2418 4468 3347 3413 
7264 8392 5557 9825 3292 6265 68 1813 5415 1231 
5080 5800 5190 3286 1028 2682 6201 5503 3700 1806 
6700 6785 1794 557 6381 341 9232 2866 291 774 
2826 9006 6979 8467 7270 3957 9631 1693 4535 4305 
5079 4163 6849 7288 9720 4065 6758 9519 3791 9120 
4773 9515 9488 3461 3236 2903 2681 8868 8042 2101 
3441 1309 8889 5206 7847 9055 576 4026 6732 2158 
571 788 5453 9331 7342 6029 1896 3775 8268 6650 
3137 7922 4375 3335 9780 6927 500 2039 1200 9588 
6431 7119 154 1670 5832 4428 1868 6330 5843 9300 
8857 5294 727 6265 8325 6809 9880 9232 536 1529 
3340 4058 1348 3125 6193 6939 6540 8907 7248 4907 
2906 8059 6030 3265 7386 5499 5334 3888 1111 8969 
7596 6762 1278 8284 2871 1101 209 2793 4397 7677 
906 2161 4435 341 4541 4366 8691 9369 6567 2621 
1221 5698 5271 3596 7828 269 8020 5005 325 8271 
9176 2590 744 459 3402 2465 7186 6608 2687 3295 
3230 6595 9730 131 138 7181 2731 3912 3428 336 
8280 4061 8567 7164 5606 9214 3157 9841 3759 9835 
2182 8964 3932 8658 9166 8010 9077 5550 5348 4189 
9622 1272 125 6547 8384 8640 5685 2746 405 8402 
8240 708 1300 3788 6993 2682 1280 1530 1796 6310 
9862 3164 321 9592 7445 4987 8488 7387 9964 128 
8979 6054 6003 5765 6685 8074 9770 6550 1296 8783 
8602 9024 8616 1523 1496 1926 7093 7910 4640 608 
1670 3899 838 3000 4366 7342 39 1043 2759 7926 
2081 7828 3360 5324 7763 2534 7028 710 1915 6259 
2847 247 8445 621 3841 1297 7830 4507 9873 6724 
4243 8562 9857 4985 3755 488 2934 3139 3151 6417 
5455 7864 6355 2892 2442 4979 2383 8185 6730 5952 
2918 5365 2523 3309 1903 4117 8073 7941 6429 3433 
5877 4627 591 3679 9967 6796 5789 5678 6638 6518 
4507 4912 4875 3985 9928 4775 6876 666 4655 4111 
6931 9691 8869 7808 9680 7291 6904 7657 1225 7566 
5429 8433 437 7702 6042 9787 3368 1114 3710 3961 
1624 4921 5939 2581 2753 370 2368 9744 3833 7265 
4646 1480 3583 1479 4740 7049 2218 3810 9596 765 
4292 4109 4126 1430 2954 7990 4312 9303 9326 48 
5980 6501 9464 6786 2968 2537 5939 8432 4185 2940 
8007 269 7342 934 4102 7979 1865 7115 1847 7835 
6271 6240 7283 8255 7072 351 7994 4055 5421 2497 
868 4809 4876 8809 4212 2807 5018 5992 3477 263 
7435 1552 3753 8340 4221 1949 9546 8298 7933 3381 
4729 6712 5013 524 3684 7344 5401 4995 3965 9433 
4285 2898 3620 3766 9657 1138 1887 9649 7889 4326 
8850 846 7098 7167 8095 5068 6603 3281 2151 7536 
2109 8361 3731 2538 3591 5345 5400 4352 8731 1578 
1315 6005 8636 9375 1235 1078 6158 9000 4115 5505 
4612 4274 5508 1524 8421 2476 329 4474 691 5328 
5238 3547 4782 7732 5864 8817 7602 7341 9292 4065 
3237 6042 5406 6412 4432 1275 1254 4962 4819 3105 
5098 5786 215 9437 6499 4270 3503 332 1061 9295 
5369 9250 2143 3584 6693 2600 4976 7869 8878 5116 
3917 5626 4664 6848 1720 924 1026 8726 4567 9430 
9283 966 9747 8459 58 9094 2792 114 1189 5237 
6897 6504 461 3852 9216 6494 8640 7629 8493 5757 
4628 6320 4199 2783 3223 8399 5599 4269 574 6317 
5761 8335 6228 2702 650 4009 1898 5543 1274 4439 
7320 904 5060 7444 1922 327 5032 4298 8046 373 
4912 9758 4001 5224 6973 9097 481 3833 2630 8845 
7619 2551 1245 9091 4244 8946 4532 3986 9172 6251 
6010 5676 1709 8946 9335 2142 6105 39 5343 8806 
186 2352 6588 2449 2791 6410 2930 3046 9882 8257 
5613 8837 426 9454 5335 3908 4337 8014 4865 1572 
5510 6252 1801 6990 9527 859 1093 5312 4197 8886 
7786 2637 5701 2348 7737 8397 4040 4956 9229 1524 
5236 2308 5676 6580 2486 5630 7114 2919 1324 6224 
1716 7160 3640 2808 5734 4123 6559 3623 9231 7814 
8706 1355 6210 9021 7410 2897 3934 4996 8469 7836 
5839 6771 7703 1499 309 6967 8349 1291 5304 9460 
5070 8865 4777 5151 580 6795 2623 9768 2140 1255 
223 7523 2421 8271 2253 7815 682 1909 8469 4287 
8628 145 7523 3253 2474 1348 2393 4506 1853 5723 
9200 7921 4309 4198 1497 5326 585 9258 2977 8991 
5479 5449 8810 9012 2383 519 1189 8087 9124 3350 
7409 2287 4291 8225 1254 3483 36 1655 3612 282 
5787 9554 2955 6803 7047 8606 8413 9391 102 6802 
5076 9175 1299 2567 8649 8857 8787 9201 9525 3001 
1776 734 1211 7674 6765 850 4020 7288 110 4479 
3571 6513 9401 1696 9657 5315 7227 6339 1913 141 
6553 4704 9311 8864 1176 1141 5642 4426 9210 6596 
563 2948 3452 9504 6144 6943 7299 2069 1924 5548 
9700 8793 4705 5579 7958 7524 2506 8950 1185 8419 
2389 1309 6384 1892 2439 1537 328 290 5881 91 
4347 5965 6692 6091 5588 9190 2505 7336 1085 3012 
7052 4956 6303 2582 4676 7329 6744 1168 7244 7461 
6141 8098 1134 7453 5214 3372 6307 5844 2879 4690 
681 873 6591 8288 933 6860 3003 2674 5325 9695 
3730 1838 9469 3000 2119 4112 8162 2365 3912 1951 
2446 7054 2924 1806 4014 5224 5031 2962 2191 4628 
6051 9253 8387 2159 1789 11 3811 9067 1418 6801 
8870 5150 3432 5221 834 1030 8721 9969 2122 3590 
3593 6253 571 3934 7502 77 260 5453 9585 5092 
7595 2468 39 454 6271 8418 9319 483 3173 3164 
4939 7835 247 9725 7217 5865 4705 7781 7350 7277 
5638 6510 8683 6647 9992 9388 9182 5351 7801 3985 
4371 6705 409 4406 9076 1329 9786 4393 1779 5477 
6237 3952 6162 3983 2312 7514 8900 5224 6675 4905 
5129 887 1158 2509 2589 4476 1835 6380 250 7095 
1660 9927 5696 9322 5171 923 4599 9536 7104 1628 
4548 9705 9397 5971 2132 2403 1328 703 8630 3001 
1983 8136 8897 768 304 3545 5070 1321 6345 1582 
5994 622 700 7019 1486 865 8956 6168 9535 1738 
914 6515 9260 4987 5729 2846 2112 8306 1014 8184 
1133 9382 8510 4 9099 6404 7661 74 3724 1065 
1516 1068 5102 3672 7944 2397 1841 3462 4413 2497 
1712 3871 8343 4211 4805 6401 4935 7876 7099 2700 
1111 8440 9288 7405 6493 8262 6797 1822 5019 655 
7785 6104 4651 7016 1330 1117 8103 959 6607 5979 
6426 8123 5694 8146 7976 895 2608 7313 3637 9039 
987 4523 95 707 3185 2413 7892 7319 5322 405 
6569 4246 7149 5403 6143 9539 3053 2090 560 1164 
6488 6463 3006 1085 1610 9835 6634 2484 6026 6064 
1160 8167 9810 8301 5330 4891 1043 7608 1616 9152 
9573 9010 6148 2143 8545 5471 7216 7848 6793 1945 
9004 7469 490 4756 4163 5833 6089 2606 5810 849 
8151 2982 9281 9172 8306 4706 8131 2695 7649 7630 
9467 7722 5827 213 1553 8800 4284 7982 6723 3242 
8148 6691 5324 2963 1594 9300 4513 2820 9602 